MICRO
m00 00000 000 000 111 000 011 0000 0001 00 0 1 1 1 0 1 0 1 1 1	// Bootstrap
m01 00000 000 000 000 000 001 0000 0000 00 0 1 1 0 0 0 1 1 1 1  
m02 00000 000 000 101 000 011 0001 0001 01 0 1 1 1 0 1 1 1 1 0  // Begin of : LDA #K 
m03 00000 000 000 111 000 011 0000 0111 00 0 1 1 0 0 1 1 1 0 1  // 0111 --> ACC
m04 00000 000 000 101 000 011 0001 0001 01 0 1 1 1 0 1 1 1 1 0  // 0001 --> PC
m05 00000 000 000 000 000 001 0000 0000 00 0 0 1 0 0 0 0 0 0 0  // End of : LDA #K

m06 00000 000 000 101 000 011 0001 0001 01 0 1 1 1 0 1 1 1 1 0  // Begin of : LDX #K 
m07 00000 000 000 111 000 011 0000 1110 00 0 1 1 0 0 1 1 1 0 1  // 1110 --> X 
m08 00000 000 000 101 000 011 0001 0001 01 0 1 1 1 0 1 1 1 1 0  
m09 00000 000 000 000 000 001 0000 0000 00 0 0 1 0 0 0 0 0 0 0  // End of : LDX #K

m0a 00000 000 000 101 000 011 0001 0001 01 0 1 1 1 0 1 1 1 1 0  // Begin of : LDA ($K)
m0b 00000 000 000 111 000 001 0000 0000 00 0 1 1 1 0 1 1 1 0 1  >> MDR + 0 -> MAR
m0c 00000 000 000 111 000 001 0000 0000 00 0 1 1 1 0 1 1 1 0 1  >> MDR + 0 -> MAR
m0d 00000 000 000 111 000 011 0000 0111 00 0 1 1 0 0 1 1 1 0 1  >> MDR + 0 -> ACC
m0e 00000 000 000 101 000 011 0001 0001 01 0 1 1 1 0 1 1 1 1 0
m0f 00000 000 000 000 000 001 0000 0000 00 0 0 1 0 0 0 0 0 0 0  // End of : LDA ($K)

m10 00000 000 000 100 000 001 1110 0000 00 0 1 1 1 0 1 1 1 1 1  // Begin of : LDAX
m11 00000 000 000 111 000 011 0000 0111 00 0 1 1 0 0 1 1 1 0 1
m12 00000 000 000 101 000 011 0001 0001 01 0 1 1 1 0 1 1 1 1 0
m13 00000 000 000 000 000 001 0000 0000 00 0 0 1 0 0 0 0 0 0 0  // End of : LDAX

m14 00000 000 000 101 000 011 0001 0001 01 0 1 1 1 0 1 1 1 1 0  // Begin of : LDA $K, X
m15 00000 000 000 101 000 001 1110 0000 00 0 0 1 1 0 1 1 1 0 1
m16 00000 000 000 111 000 011 0000 0111 00 0 1 1 0 0 1 1 1 0 1
m17 00000 000 000 101 000 011 0001 0001 01 0 1 1 1 0 1 1 1 1 0
m18 00000 000 000 000 000 001 0000 0000 00 0 0 1 0 0 0 0 0 0 0  // End of : LDA $K, X

m19 00000 000 000 101 000 011 0001 0001 01 0 1 1 1 0 1 1 1 1 0  // Begin of : LDA ($K, X)
m1a 00000 000 000 111 000 001 0000 0000 00 0 0 1 1 0 1 1 1 0 1
m1b 00000 000 000 101 000 001 1110 0000 00 0 0 1 1 0 1 1 1 0 1
m1c 00000 000 000 111 000 011 0000 0111 00 0 1 1 0 0 1 1 1 0 1
m1d 00000 000 000 101 000 011 0001 0001 01 0 1 1 1 0 1 1 1 1 0
m1e 00000 000 000 000 000 001 0000 0000 00 0 0 1 0 0 0 0 0 0 0  // End of : LDA ($K, X)

m1f 00000 000 000 101 000 011 0001 0001 01 0 1 1 1 0 1 1 1 1 0  // Begin of cmd : STA $K
m20 00000 000 000 111 000 001 0000 0000 00 0 0 1 1 0 1 1 1 0 1
m21 00000 000 000 100 000 001 0111 0000 00 0 0 0 0 0 1 1 1 1 1
m22 00000 000 000 101 000 011 0001 0001 01 0 1 1 1 0 1 1 1 1 0
m23 00000 000 000 000 000 001 0000 0000 00 0 0 1 0 0 0 0 0 0 0  // End of : STA $K


MAPPER
m00 02 /* LDA #K
m01 06 /* LDX #K
m02 0a /* LDA ($K)
m03 10 /* LDAX
m04 14 /* LDA $K, X
m05 19 /* LDA $K, X
m06 1f /* STA $K

MAIN
m00 00 /* opcode LDA #K
m01 08 /* operand #K
m02 06 /* opcode STA $K 
m03 1b /* operand $k

m04 01 /* opcode LDX #K 
m05 1b /* operand #K 

m06 02 /* opcode LDA ($k)
m07 17 /* operand LDA ($k)
m08 06 /* opcode STA $K
m09 1c /* operand $k

m0a 03 /* opcode LDAX
m0b 06 /* opcode STA $K
m0c 1d /* operand $k

m0d 04 /* opcode LDA $K, X
m0e 15 /* operand LDA $K, X
m0f 06 /* opcode STA $K
m10 1e /* operand $k

m11 05 /* opcode LDA ($K, X)
m12 16 /* operand LDA ($K, X)
m13 06 /* opcode STA $K
m14 1f /* operand $k

m16 01 
m17 0e 
m18 19 
m19 0c 
m30 ff
